1,1BM13IS001,"2015-04-27 09:33:05.882290",5,5,5,5,5,5,5
2,1BM13IS003,"2015-04-28 04:12:44.420680",5,4,5,5,4,4,4
3,1BM13IS004,"2015-04-28 04:15:21.520341",5,5,5,5,5,5,5
4,1BM13IS007,"2015-04-28 04:22:34.889759",5,4,5,5,4,5,4
5,1BM13IS005,"2015-04-28 04:26:53.329560",4,4,4,4,4,4,4
6,1BM13IS034,"2015-04-28 04:30:49.692623",5,5,5,5,5,5,5
7,1BM13IS033,"2015-04-28 04:32:13.478729",5,5,5,5,5,5,5
8,1BM13IS044,"2015-04-28 04:40:30.389513",5,5,5,5,5,5,5
9,1BM13IS010,"2015-04-28 04:40:36.547427",5,5,5,5,5,3,3
10,1BM13IS031,"2015-04-28 04:42:47.529217",4,3,4,4,4,4,4
11,1BM13IS040,"2015-04-28 04:48:14.806068",5,2,5,5,5,5,2
12,1BM13IS038,"2015-04-28 04:48:26.074185",3,3,5,5,5,5,3
13,1BM13IS035,"2015-04-28 04:51:09.969012",4,2,4,4,4,4,2
14,1BM13IS035,"2015-04-28 04:51:12.967970",4,2,4,4,4,4,2
15,1BM13IS035,"2015-04-28 04:51:14.015061",4,2,4,4,4,4,2
16,1BM13IS012,"2015-04-28 04:57:56.900172",4,3,5,5,5,5,4
17,1BM13IS043,"2015-04-28 05:02:04.049276",4,5,5,5,5,4,4
18,1BM13IS042,"2015-04-28 05:02:19.885181",4,1,5,5,2,5,4
19,1BM13IS015,"2015-04-28 05:05:36.059905",4,4,5,5,5,5,4
20,1BM13IS015,"2015-04-28 05:05:37.552866",4,4,5,5,5,5,4
21,1BM13IS011,"2015-04-28 05:08:06.041882",5,2,5,5,5,5,2
22,1BM13IS006,"2015-04-28 05:13:17.571509",4,4,4,4,4,4,4
23,1BM13IS002,"2015-04-28 05:17:05.780592",2,2,3,4,1,4,1
24,1BM13IS001,"2015-04-28 05:17:38.050721",1,2,5,5,3,5,1
25,1BM13IS045,"2015-04-28 05:28:52.062619",5,5,5,5,5,5,5
26,1BM13IS013,"2015-04-28 05:30:00.407646",5,5,5,5,5,5,5
27,1BM13IS039,"2015-04-28 05:30:00.914530",4,3,5,5,4,5,4
28,1BM13IS036,"2015-04-28 05:30:57.575686",5,5,4,5,4,5,5
29,1BM13IS041,"2015-04-28 05:37:54.645548",5,5,5,5,5,5,5
30,1BM13IS032,"2015-04-28 05:38:21.891772",1,3,5,5,5,5,1
31,1BM13IS009,"2015-04-28 06:08:45.993491",4,5,5,5,4,5,5
32,1BM13IS017,"2015-04-28 06:32:33.894140",5,3,5,5,4,5,3
33,1BM13IS030,"2015-04-28 06:37:21.422668",5,5,5,5,5,5,5
34,1BM13IS024,"2015-04-28 06:37:43.278865",5,5,5,5,5,5,5
35,1BM13IS020,"2015-04-28 06:46:55.544271",2,1,4,4,2,3,1
36,1BM13IS028,"2015-04-28 06:53:47.201705",4,4,5,5,5,5,4
37,1BM13IS026,"2015-04-28 06:54:45.341430",4,1,3,5,2,2,2
38,1BM13IS022,"2015-04-28 06:55:04.672245",2,3,2,4,3,3,4
39,1BM13IS022,"2015-04-28 06:55:23.234497",2,3,2,4,3,3,4
40,1BM13IS022,"2015-04-28 06:55:44.760701",2,4,3,3,4,3,4
41,1BM13IS022,"2015-04-28 06:56:28.008344",5,4,4,4,4,4,5
42,1BM13IS022,"2015-04-28 06:58:11.344960",4,3,4,3,3,4,3
43,1BM13IS022,"2015-04-28 06:58:44.787040",4,3,4,3,3,4,3
44,1BM13IS019,"2015-04-28 07:02:09.201494",4,4,4,4,4,4,4
45,1BM13IS046,"2015-04-28 07:05:29.818752",5,5,5,5,5,5,4
46,1BM13IS051,"2015-04-28 07:06:10.648156",5,4,5,4,5,4,5
47,1BM13IS021,"2015-04-28 07:08:27.465183",1,1,4,4,4,2,2
48,1BM13IS050,"2015-04-28 07:11:45.472903",5,4,5,5,4,4,5
49,1BM13IS049,"2015-04-28 07:12:41.967837",5,5,5,5,5,5,5
50,1BM13IS047,"2015-04-28 07:12:50.952512",5,5,5,5,5,5,4
51,1BM13IS058,"2015-04-28 07:18:35.107593",3,4,3,4,4,3,4
52,1BM13IS048,"2015-04-28 07:18:56.038770",3,3,3,3,3,3,3
53,1BM13IS052,"2015-04-28 07:19:14.350832",5,2,4,5,5,5,3
54,1BM13IS054,"2015-04-28 07:20:08.942849",5,5,5,5,5,5,5
55,1BM13IS018,"2015-04-28 07:20:30.656981",1,2,1,2,2,2,1
56,1BM13IS016,"2015-04-28 07:21:07.301662",3,3,3,3,3,3,3
57,1BM13IS029,"2015-04-28 07:22:11.395572",5,5,5,5,5,5,5
58,1BM13IS053,"2015-04-28 07:27:09.387443",5,5,5,5,5,5,5
59,1BM13IS025,"2015-04-28 07:30:07.792204",4,4,4,4,4,4,4
60,1BM13IS027,"2015-04-28 07:30:31.998851",5,4,5,5,5,5,4
61,1BM13IS023,"2015-04-28 07:32:20.431830",1,1,3,3,2,3,1
62,1BM13IS057,"2015-04-28 07:48:43.553591",3,3,4,4,4,4,3
63,1BM13IS064,"2015-04-28 09:32:32.737848",4,4,4,4,4,3,3
64,1BM13IS067,"2015-04-28 09:33:08.760052",5,3,5,5,5,5,5
65,1BM13IS062,"2015-04-28 09:33:18.803771",5,5,5,5,5,5,5
66,1BM13IS072,"2015-04-28 09:35:30.107013",4,3,4,3,3,4,3
67,1BM14IS407,"2015-04-28 09:36:19.840065",5,5,5,5,5,5,5
68,1BM13IS066,"2015-04-28 09:41:14.557764",4,4,4,4,4,4,4
69,1BM13IS068,"2015-04-28 09:48:14.595854",5,4,5,5,5,5,5
70,1BM13IS060,"2015-04-28 09:50:28.740603",5,4,5,5,3,4,1
71,1BM14IS410,"2015-04-28 09:54:34.167801",5,4,4,4,3,4,4
72,1BM13IS074,"2015-04-28 10:17:58.226322",4,4,5,5,5,5,5
73,1BM14IS406,"2015-04-28 10:19:53.653082",5,5,5,5,5,5,5
74,1BM14IS409,"2015-04-28 10:22:46.418123",3,3,3,3,3,3,3
75,1BM13IS071,"2015-04-28 10:24:22.206153",4,3,4,3,4,4,4
76,1BM13IS070,"2015-04-28 10:24:48.716638",4,4,4,4,4,4,4
77,1BM13IS075,"2015-04-28 10:27:39.179233",4,3,5,4,4,5,5
78,1BM13IS061,"2015-04-28 10:29:59.580746",4,4,4,5,4,4,5
79,1BM13IS081,"2015-04-29 04:36:54.594068",4,4,3,4,4,4,4
80,1BM13IS087,"2015-04-29 04:38:15.718458",5,5,5,5,5,4,4
81,1BM13IS086,"2015-04-29 04:44:27.464923",5,5,5,5,5,5,5
82,1BM13IS082,"2015-04-29 04:49:02.285904",3,3,5,5,3,5,5
83,1BM13IS059,"2015-04-29 04:50:18.268043",5,3,5,5,5,4,3
84,1BM13IS079,"2015-04-29 04:51:05.586362",5,3,5,5,5,5,4
85,1BM13IS084,"2015-04-29 04:56:28.125911",5,5,5,5,5,5,5
86,1BM13IS085,"2015-04-29 04:56:37.875622",5,5,5,5,5,5,5
87,1BM13IS088,"2015-04-29 04:58:49.257084",4,4,5,5,5,5,5
88,1BM13IS056,"2015-04-29 04:59:50.405296",5,5,5,5,5,5,5
89,1BM13IS076,"2015-04-29 04:59:56.657921",5,5,5,5,5,5,5
90,1BM13IS090,"2015-04-29 05:10:46.772945",3,4,4,4,4,4,4
91,1BM13IS077,"2015-04-29 05:21:17.582130",3,4,3,3,3,3,4
92,1BM13IS069,"2015-04-29 07:16:16.814879",4,4,4,4,4,4,4
93,1BM13IS103,"2015-04-29 07:18:41.093126",4,4,4,4,3,4,3
94,1BM14IS411,"2015-04-29 09:32:31.972159",5,5,5,5,5,5,5
95,1BM14IS404,"2015-04-29 09:37:05.809180",5,5,5,5,5,5,5
96,1BM14IS403,"2015-04-29 09:43:01.478322",5,5,5,5,5,5,5
