2,1BM12IS029,"2015-04-28 00:03:06.112900",5,5,5,5,5,5,5,5
3,1BM13IS408,"2015-04-28 04:32:42.695346",4,4,4,4,3,3,4,3
4,1BM13IS409,"2015-04-28 04:39:16.101365",5,5,5,5,5,5,5,5
5,1BM13IS412,"2015-04-28 04:47:54.535145",4,4,4,5,4,4,5,4
6,1BM13IS404,"2015-04-28 05:01:52.396064",5,4,5,4,5,5,5,4
7,1BM13IS405,"2015-04-28 05:05:32.956388",5,5,5,5,5,5,5,5
8,1BM13IS405,"2015-04-28 05:05:35.932453",5,5,5,5,5,5,5,5
9,1BM11IS026,"2015-04-28 05:08:45.377371",5,5,5,5,5,5,5,5
10,1BM12IS098,"2015-04-28 05:10:06.757124",5,5,4,5,4,5,5,4
11,1BM13IS417,"2015-04-28 05:10:41.493271",4,5,4,4,3,4,4,4
12,1BM13IS401,"2015-04-28 05:18:34.700232",4,5,4,4,5,4,4,4
13,1BM13IS401,"2015-04-28 05:18:35.199973",4,5,4,4,5,4,4,4
14,1BM13IS415,"2015-04-28 05:20:36.915473",4,4,4,4,4,4,4,4
15,1BM13IS413,"2015-04-28 05:21:14.850281",3,4,4,3,4,4,3,4
16,1BM13IS410,"2015-04-28 05:21:44.857685",5,4,4,4,4,5,5,4
17,1BM12IS048,"2015-04-28 05:33:12.565883",4,4,4,4,4,4,4,4
18,1BM12IS078,"2015-04-28 05:33:41.559030",4,4,4,4,4,4,4,4
19,1BM12IS050,"2015-04-28 05:42:14.407569",5,5,5,5,5,5,5,5
20,1BM13IS400,"2015-04-28 05:42:59.484534",4,4,4,4,4,4,4,4
21,1BM12IS008,"2015-04-28 06:21:35.212712",4,4,4,4,4,4,4,4
22,1BM12IS009,"2015-04-28 06:37:03.298805",5,5,5,5,5,5,5,5
23,1BM12IS009,"2015-04-28 06:37:03.380211",5,5,5,5,5,5,5,5
24,1BM12IS002,"2015-04-28 06:50:27.420035",5,4,5,4,3,4,5,4
25,1BM12IS054,"2015-04-28 06:51:35.435717",4,4,4,4,4,4,4,4
26,1BM12IS065,"2015-04-28 06:52:04.533433",4,3,3,4,2,2,3,3
27,1BM12IS003,"2015-04-28 06:55:54.213967",4,4,4,4,4,4,4,4
28,1BM12IS058,"2015-04-28 06:56:12.357502",4,4,3,4,3,3,3,3
29,1BM12IS011,"2015-04-28 06:57:07.074193",4,4,4,4,4,4,4,4
30,1BM12IS004,"2015-04-28 06:58:12.196627",3,4,4,5,4,4,5,4
31,1BM12IS007,"2015-04-28 07:00:49.925894",5,5,5,5,5,5,5,5
32,1BM12IS014,"2015-04-28 07:01:03.602679",4,4,4,4,4,4,4,4
33,1BM12IS061,"2015-04-28 07:06:01.357778",5,4,5,5,3,3,4,3
34,1BM12IS001,"2015-04-28 07:07:00.315599",4,3,4,3,4,3,4,3
35,1BM12IS005,"2015-04-28 07:15:25.559961",4,4,4,3,3,3,3,3
36,1BM12IS013,"2015-04-28 07:20:29.380312",4,3,3,4,3,4,3,4
37,1BM12IS055,"2015-04-28 07:20:57.469622",5,5,5,5,5,5,5,5
38,1BM12IS015,"2015-04-28 07:23:54.554137",4,4,3,3,3,3,4,3
39,1BM12IS053,"2015-04-28 07:35:26.949883",5,5,5,5,5,5,5,5
40,1BM12IS051,"2015-04-28 07:35:39.902299",5,5,5,5,5,5,5,5
41,1BM12IS052,"2015-04-28 07:36:13.688194",2,2,2,2,2,2,2,2
42,1BM12IS012,"2015-04-28 07:36:17.377696",3,4,3,3,4,4,3,4
43,1BM12IS040,"2015-04-28 07:37:22.693356",5,5,5,5,5,5,5,5
44,1BM12IS040,"2015-04-28 07:37:23.810533",5,5,5,5,5,5,5,5
45,1BM12IS063,"2015-04-28 07:38:13.608571",5,5,5,5,5,5,5,5
46,1BM12IS060,"2015-04-28 07:39:13.144946",5,5,5,5,5,5,5,5
47,1BM12IS056,"2015-04-28 07:40:43.951784",5,5,5,5,5,5,5,5
48,1BM12IS049,"2015-04-28 07:41:55.009660",4,4,4,4,4,4,4,4
49,1BM12IS042,"2015-04-28 07:43:41.184113",4,4,4,4,4,4,4,4
50,1BM12IS095,"2015-04-28 08:08:49.681268",5,5,5,5,5,5,5,5
51,1BM12IS026,"2015-04-28 09:09:18.382087",5,5,5,5,5,5,5,5
52,1BM12IS018,"2015-04-28 09:22:41.302421",4,4,3,3,4,4,4,4
53,1BM12IS081,"2015-04-28 09:46:30.982017",4,4,4,4,3,3,4,5
54,1BM12IS415,"2015-04-28 09:46:55.788483",5,5,5,5,5,5,5,5
55,1BM12IS066,"2015-04-28 09:46:57.873883",5,5,5,5,5,5,5,5
56,1BM12IS079,"2015-04-28 09:48:49.591988",1,1,1,1,1,1,1,1
57,1BM12IS079,"2015-04-28 09:49:05.866939",1,1,1,1,1,1,1,1
58,1BM12IS079,"2015-04-28 09:49:13.999396",1,1,1,1,1,2,1,1
59,1BM12IS079,"2015-04-28 09:50:17.142414",1,1,1,1,1,1,1,1
60,1BM12IS079,"2015-04-28 09:50:37.170231",3,4,3,4,4,4,3,3
61,1BM12IS079,"2015-04-28 09:51:04.194790",4,4,4,3,4,4,3,3
62,1BM12IS079,"2015-04-28 09:52:22.003392",4,4,3,3,4,4,3,3
63,1BM12IS079,"2015-04-28 09:52:40.189147",4,4,3,3,4,4,3,3
64,1BM12IS079,"2015-04-28 09:52:55.477186",4,4,3,3,4,4,3,3
65,1BM12IS079,"2015-04-28 09:53:26.590650",4,4,3,3,3,4,3,3
66,1BM12IS079,"2015-04-28 09:54:25.621714",4,4,3,3,3,4,3,3
67,1BM12IS071,"2015-04-28 10:06:33.015177",4,4,4,4,5,4,4,3
68,1BM12IS073,"2015-04-28 10:11:30.508543",3,4,4,3,4,4,3,4
69,1BM12IS068,"2015-04-28 10:18:45.373780",4,4,4,4,4,4,4,4
70,1BM12IS080,"2015-04-28 10:20:26.423628",4,4,3,4,4,4,4,4
71,1BM12IS074,"2015-04-28 10:20:59.283069",4,4,4,3,3,4,3,4
72,1BM12IS075,"2015-04-28 10:21:42.780281",4,3,4,4,4,3,4,4
73,1BM12IS076,"2015-04-28 10:23:03.292809",3,4,4,4,3,3,4,4
74,1BM12IS072,"2015-04-28 10:23:49.859457",4,4,4,4,4,4,4,4
75,1BM12IS069,"2015-04-28 10:27:24.495228",5,5,5,5,5,5,5,5
76,1BM12IS070,"2015-04-28 10:27:31.533072",4,5,4,4,4,4,4,4
77,1BM12IS016,"2015-04-28 10:29:00.713564",5,4,4,3,4,4,4,4
78,1BM12IS022,"2015-04-28 10:29:03.735681",5,5,5,5,5,5,5,5
79,1BM12IS024,"2015-04-28 10:29:04.440684",5,5,5,5,5,5,5,5
80,1BM12IS020,"2015-04-28 10:30:01.467579",5,5,5,5,5,5,5,5
81,1BM12IS032,"2015-04-29 04:02:35.208781",5,5,5,5,5,5,5,5
82,1BM12IS039,"2015-04-29 04:19:46.418398",5,5,5,5,5,5,5,5
83,1BM12IS041,"2015-04-29 04:21:29.400856",3,3,3,3,3,3,3,3
84,1BM12IS045,"2015-04-29 04:22:32.190453",5,5,5,5,5,5,5,5
85,1BM12IS033,"2015-04-29 04:36:03.845666",4,4,4,4,4,4,4,4
86,1BM12IS043,"2015-04-29 04:37:49.342806",4,4,4,4,4,4,4,4
87,1BM12IS094,"2015-04-29 04:40:31.811854",5,5,5,5,5,5,5,5
88,1BM12IS044,"2015-04-29 04:40:57.244721",4,4,4,4,4,4,4,4
89,1BM12IS044,"2015-04-29 04:40:57.511405",4,4,4,4,4,4,4,4
90,1BM12IS082,"2015-04-29 04:41:35.947067",4,5,4,4,3,4,4,4
91,1BM12IS046,"2015-04-29 04:52:59.040487",5,5,5,5,5,5,5,5
92,1BM12IS036,"2015-04-29 05:03:58.575184",4,4,4,4,4,4,4,4
93,1BM12IS096,"2015-04-29 05:09:36.103217",5,5,5,5,5,5,5,5
94,1BM12IS086,"2015-04-29 05:11:44.565309",3,3,3,3,3,3,3,3
95,1BM11IS110,"2015-04-29 05:21:51.728023",5,5,5,4,5,4,5,5
96,1BM12IS088,"2015-04-29 05:22:46.728973",4,4,4,4,5,4,4,5
97,1BM12IS084,"2015-04-29 05:23:30.541266",4,4,4,4,4,4,4,4
98,1BM11IS072,"2015-04-29 06:05:08.309606",5,5,5,5,5,5,5,5
99,1BM11IS007,"2015-04-29 06:10:55.527396",4,4,4,4,4,4,4,4
100,1BM13IS407,"2015-04-29 06:29:56.530046",5,5,5,5,5,5,5,5
101,1BM13IS414,"2015-04-29 06:38:57.396412",5,5,5,5,5,5,5,5
102,1BM13IS403,"2015-04-29 07:08:27.299724",5,5,5,4,4,4,5,5
103,1BM13IS402,"2015-04-29 07:12:43.105273",5,5,5,5,5,5,5,5
104,1BM13IS402,"2015-04-29 07:12:45.720447",5,5,5,5,5,5,5,5
105,1BM13IS416,"2015-04-29 07:13:09.990270",5,4,4,4,4,4,5,4
