1,1BM13IS003,"2015-04-28 04:12:14.487012",4,5,5,4,4,5,4,4
2,1BM13IS004,"2015-04-28 04:15:10.746917",5,5,5,5,5,5,5,5
3,1BM13IS007,"2015-04-28 04:22:02.353155",5,5,5,4,4,3,3,3
4,1BM13IS005,"2015-04-28 04:26:25.469362",4,4,4,4,4,4,3,4
5,1BM13IS034,"2015-04-28 04:30:37.531826",4,4,4,4,4,4,4,4
6,1BM13IS033,"2015-04-28 04:32:04.927963",5,5,5,5,5,5,5,5
7,1BM13IS010,"2015-04-28 04:40:00.252169",5,5,5,5,2,4,1,2
8,1BM13IS044,"2015-04-28 04:40:54.662638",5,5,5,5,5,5,5,5
9,1BM13IS031,"2015-04-28 04:43:06.485157",5,4,4,4,4,4,4,4
10,1BM13IS040,"2015-04-28 04:47:52.245753",5,5,5,4,5,5,5,5
11,1BM13IS038,"2015-04-28 04:49:11.219228",5,5,5,5,5,5,3,4
12,1BM13IS035,"2015-04-28 04:50:35.344781",4,4,4,3,3,4,3,3
13,1BM13IS012,"2015-04-28 04:57:10.903377",5,5,5,5,3,4,4,3
14,1BM13IS043,"2015-04-28 05:01:21.090687",4,5,5,4,4,5,5,4
15,1BM13IS042,"2015-04-28 05:02:46.571771",4,5,5,5,3,3,2,3
16,1BM13IS015,"2015-04-28 05:04:53.628312",5,5,5,5,5,5,5,5
17,1BM13IS011,"2015-04-28 05:07:40.486211",5,5,5,5,4,5,3,3
18,1BM13IS006,"2015-04-28 05:13:02.930754",4,4,5,4,4,4,3,3
19,1BM13IS002,"2015-04-28 05:17:34.335316",5,5,5,3,4,3,4,2
20,1BM13IS001,"2015-04-28 05:17:54.386368",5,5,5,5,5,5,5,5
21,1BM13IS045,"2015-04-28 05:28:32.811548",5,5,5,5,5,5,5,5
22,1BM13IS039,"2015-04-28 05:29:37.209812",4,4,4,4,4,4,4,4
23,1BM13IS013,"2015-04-28 05:29:50.402365",4,4,4,4,4,4,4,4
24,1BM13IS013,"2015-04-28 05:29:51.108607",4,4,4,4,4,4,4,4
25,1BM13IS036,"2015-04-28 05:30:43.116774",4,3,3,3,3,3,3,3
26,1BM13IS041,"2015-04-28 05:36:56.260877",5,5,5,5,5,5,5,5
27,1BM13IS032,"2015-04-28 05:37:40.635526",4,4,4,4,4,4,4,4
28,1BM13IS009,"2015-04-28 06:08:30.201440",5,5,5,5,5,5,5,4
29,1BM13IS017,"2015-04-28 06:32:47.248038",5,5,5,5,5,5,5,5
30,1BM13IS017,"2015-04-28 06:32:48.386435",5,5,5,5,5,5,5,5
31,1BM13IS030,"2015-04-28 06:37:12.904739",5,5,5,5,5,5,5,5
32,1BM13IS024,"2015-04-28 06:37:32.801925",5,5,4,4,4,5,5,5
33,1BM13IS020,"2015-04-28 06:46:20.221045",4,4,4,4,4,4,4,3
34,1BM13IS028,"2015-04-28 06:53:27.216830",5,5,5,5,5,5,4,4
35,1BM13IS026,"2015-04-28 06:54:13.445224",5,5,5,5,5,3,3,1
36,1BM13IS019,"2015-04-28 07:01:55.469009",4,4,4,4,4,4,4,4
37,1BM13IS046,"2015-04-28 07:05:19.672608",5,5,5,5,5,5,3,5
38,1BM13IS051,"2015-04-28 07:05:56.325969",5,4,4,5,5,4,4,5
39,1BM13IS021,"2015-04-28 07:08:39.330609",4,4,4,4,4,4,4,4
40,1BM13IS050,"2015-04-28 07:10:06.613693",5,4,4,4,3,5,4,4
41,1BM13IS049,"2015-04-28 07:12:29.777185",5,5,5,5,5,5,5,5
42,1BM13IS047,"2015-04-28 07:12:31.741943",5,5,5,5,4,3,3,4
43,1BM13IS052,"2015-04-28 07:17:35.087247",5,4,5,5,5,2,5,5
44,1BM13IS058,"2015-04-28 07:18:21.299301",5,4,5,5,4,4,4,4
45,1BM13IS048,"2015-04-28 07:18:44.423109",3,3,3,3,3,3,3,3
46,1BM13IS054,"2015-04-28 07:19:55.358627",5,5,5,5,5,5,5,5
47,1BM13IS018,"2015-04-28 07:20:54.127178",3,3,2,3,3,2,3,2
48,1BM13IS016,"2015-04-28 07:20:56.161848",4,4,4,4,4,4,4,4
49,1BM13IS029,"2015-04-28 07:21:59.986622",5,5,5,5,5,5,5,5
50,1BM13IS053,"2015-04-28 07:27:01.384026",5,5,5,5,5,5,5,5
51,1BM13IS025,"2015-04-28 07:29:54.009096",4,4,4,4,4,4,4,4
52,1BM13IS027,"2015-04-28 07:29:57.079678",4,4,4,4,4,4,4,4
53,1BM13IS023,"2015-04-28 07:33:10.007210",5,3,5,5,5,5,5,5
54,1BM13IS023,"2015-04-28 07:33:17.054449",5,3,5,5,5,5,5,5
55,1BM13IS023,"2015-04-28 07:33:59.866343",5,4,5,4,5,4,5,4
56,1BM13IS057,"2015-04-28 07:47:23.517620",3,3,3,2,5,3,4,2
57,1BM13IS067,"2015-04-28 09:32:47.108276",5,5,5,5,5,5,5,4
58,1BM13IS062,"2015-04-28 09:32:47.212767",5,5,5,5,5,4,5,5
59,1BM13IS064,"2015-04-28 09:33:01.977469",4,5,5,5,5,5,4,5
60,1BM13IS072,"2015-04-28 09:34:58.300676",4,4,4,3,4,4,3,4
61,1BM14IS407,"2015-04-28 09:36:05.951306",5,5,5,5,5,5,5,5
62,1BM13IS066,"2015-04-28 09:41:02.889713",5,5,5,5,5,5,5,5
63,1BM13IS068,"2015-04-28 09:47:56.423023",5,5,5,5,5,5,5,5
64,1BM13IS060,"2015-04-28 09:49:59.585962",5,4,5,4,5,4,5,5
65,1BM14IS410,"2015-04-28 09:53:59.806817",5,5,5,3,5,2,5,5
66,1BM13IS074,"2015-04-28 10:17:40.775308",5,5,5,5,5,5,5,5
67,1BM14IS406,"2015-04-28 10:21:32.434820",5,5,5,5,5,5,5,5
68,1BM14IS406,"2015-04-28 10:21:33.059755",5,5,5,5,5,5,5,5
69,1BM14IS409,"2015-04-28 10:22:36.952526",3,3,3,3,3,3,3,3
70,1BM13IS071,"2015-04-28 10:24:11.032145",4,3,4,4,4,4,4,4
71,1BM13IS070,"2015-04-28 10:24:39.334395",5,5,5,5,5,5,4,5
72,1BM13IS075,"2015-04-28 10:27:23.593800",3,5,4,5,5,5,5,5
73,1BM13IS061,"2015-04-28 10:29:49.566857",4,5,5,4,4,4,5,5
74,1BM13IS081,"2015-04-29 04:36:45.660511",4,4,4,4,4,4,4,4
75,1BM13IS087,"2015-04-29 04:38:00.345183",5,5,5,5,5,5,5,5
76,1BM13IS086,"2015-04-29 04:44:15.528181",5,5,5,5,5,5,5,5
77,1BM13IS082,"2015-04-29 04:48:39.704861",5,5,5,4,4,5,4,4
78,1BM13IS059,"2015-04-29 04:49:56.362119",4,3,5,4,3,3,4,2
79,1BM13IS079,"2015-04-29 04:50:42.960458",5,5,4,5,5,4,4,4
80,1BM13IS084,"2015-04-29 04:56:18.152707",5,5,5,5,5,5,5,5
81,1BM13IS085,"2015-04-29 04:56:29.714131",5,5,5,5,5,5,5,5
82,1BM13IS088,"2015-04-29 04:58:31.631674",4,5,5,5,5,5,5,5
83,1BM13IS056,"2015-04-29 04:59:40.820356",4,4,3,3,3,2,2,2
84,1BM13IS076,"2015-04-29 04:59:46.998015",5,5,5,5,5,5,5,5
85,1BM13IS090,"2015-04-29 05:10:31.988896",3,3,3,3,3,3,3,3
86,1BM13IS077,"2015-04-29 05:21:07.089109",4,4,4,4,3,3,3,3
87,1BM13IS069,"2015-04-29 07:16:29.960539",4,4,4,4,4,4,4,4
88,1BM13IS103,"2015-04-29 07:17:58.244777",4,4,4,4,4,4,4,4
89,1BM13IS103,"2015-04-29 07:18:03.259567",4,4,4,4,4,4,4,4
90,1BM14IS411,"2015-04-29 09:32:56.672374",5,5,5,5,5,5,5,5
91,1BM14IS404,"2015-04-29 09:36:31.437200",4,4,4,4,4,4,3,2
92,1BM14IS403,"2015-04-29 09:42:40.677831",3,3,3,3,2,2,2,2
