2,1BM13IS003,"2015-04-28 04:11:11.112525",5,4,4,4,4,4,4,3
3,1BM13IS004,"2015-04-28 04:14:57.504956",5,4,5,4,5,4,5,4
4,1BM13IS007,"2015-04-28 04:21:40.037964",4,3,3,3,4,3,3,3
5,1BM13IS005,"2015-04-28 04:26:09.127448",4,4,4,3,4,3,4,4
6,1BM13IS034,"2015-04-28 04:30:07.112506",4,3,4,3,4,3,3,3
7,1BM13IS033,"2015-04-28 04:31:56.283401",5,5,5,5,5,5,5,5
8,1BM13IS010,"2015-04-28 04:39:39.214927",5,5,4,3,4,3,2,3
9,1BM13IS044,"2015-04-28 04:40:43.284081",2,2,2,2,2,2,2,2
10,1BM13IS031,"2015-04-28 04:42:02.482842",4,3,4,3,4,2,3,3
11,1BM13IS031,"2015-04-28 04:42:02.660539",4,3,4,3,4,2,3,3
12,1BM13IS040,"2015-04-28 04:47:37.125661",5,4,5,2,3,2,2,2
13,1BM13IS038,"2015-04-28 04:47:53.770080",5,5,5,3,4,4,2,4
14,1BM13IS035,"2015-04-28 04:49:56.854070",4,2,1,2,1,1,1,1
15,1BM13IS035,"2015-04-28 04:49:57.331727",4,2,1,2,1,1,1,1
16,1BM13IS012,"2015-04-28 04:56:20.865300",4,3,4,4,4,3,3,3
17,1BM13IS043,"2015-04-28 05:00:59.604203",4,3,4,4,4,3,3,3
18,1BM13IS042,"2015-04-28 05:03:27.060100",3,2,3,2,4,3,4,4
19,1BM13IS015,"2015-04-28 05:04:43.643766",4,4,5,5,5,3,2,2
20,1BM13IS011,"2015-04-28 05:07:12.083644",5,5,4,4,5,5,2,3
21,1BM13IS006,"2015-04-28 05:12:30.913639",3,3,3,3,3,3,3,3
22,1BM13IS001,"2015-04-28 05:16:28.476797",3,3,3,3,3,3,3,3
23,1BM13IS002,"2015-04-28 05:16:29.103575",4,4,4,4,4,4,2,3
24,1BM13IS045,"2015-04-28 05:28:13.028953",5,5,5,5,5,5,5,5
25,1BM13IS039,"2015-04-28 05:29:09.932241",4,3,4,3,4,3,4,4
26,1BM13IS013,"2015-04-28 05:29:23.582969",4,3,3,3,3,3,3,3
27,1BM13IS036,"2015-04-28 05:30:16.581212",3,2,2,2,2,2,2,2
28,1BM13IS041,"2015-04-28 05:36:41.782317",5,5,5,5,5,5,5,5
29,1BM13IS032,"2015-04-28 05:37:26.773987",4,4,3,2,4,4,3,3
30,1BM13IS009,"2015-04-28 06:08:12.281563",4,4,4,4,4,5,4,3
31,1BM13IS017,"2015-04-28 06:32:03.287082",5,3,2,2,3,4,1,4
32,1BM13IS030,"2015-04-28 06:36:56.857185",5,3,3,4,4,1,1,1
33,1BM13IS024,"2015-04-28 06:37:18.249840",4,4,5,4,5,5,5,5
34,1BM13IS020,"2015-04-28 06:45:49.720428",4,3,3,3,1,3,1,2
35,1BM13IS028,"2015-04-28 06:53:06.371382",5,5,4,4,4,3,3,4
36,1BM13IS026,"2015-04-28 06:53:51.991112",5,4,4,3,3,2,1,1
37,1BM13IS022,"2015-04-28 06:54:51.202809",1,2,3,2,2,3,2,2
38,1BM13IS019,"2015-04-28 07:01:40.584941",4,4,4,4,4,4,4,4
39,1BM13IS046,"2015-04-28 07:05:05.927342",4,2,4,4,4,4,2,2
40,1BM13IS051,"2015-04-28 07:05:30.765246",5,4,5,4,5,4,5,4
41,1BM13IS021,"2015-04-28 07:09:02.437031",4,2,4,3,2,2,2,2
42,1BM13IS047,"2015-04-28 07:12:03.063113",3,3,3,2,2,3,3,4
43,1BM13IS050,"2015-04-28 07:12:09.849608",5,4,4,3,3,3,3,3
44,1BM13IS049,"2015-04-28 07:12:16.909160",5,4,4,5,5,5,4,5
45,1BM13IS052,"2015-04-28 07:16:07.429602",4,1,4,1,1,1,1,2
46,1BM13IS052,"2015-04-28 07:16:17.167471",4,1,4,1,1,1,1,2
47,1BM13IS048,"2015-04-28 07:18:30.672448",5,1,5,1,5,1,3,3
48,1BM13IS058,"2015-04-28 07:19:00.678498",3,3,4,4,3,3,3,3
49,1BM13IS058,"2015-04-28 07:19:03.046550",3,3,4,4,3,3,3,3
50,1BM13IS058,"2015-04-28 07:19:04.861028",3,3,4,4,3,3,3,3
51,1BM13IS058,"2015-04-28 07:19:05.099514",3,3,4,4,3,3,3,3
52,1BM13IS058,"2015-04-28 07:19:06.191140",3,3,4,4,3,3,3,3
53,1BM13IS058,"2015-04-28 07:19:07.058768",3,3,4,4,3,3,3,3
54,1BM13IS058,"2015-04-28 07:19:08.454638",3,3,4,4,3,3,3,3
55,1BM13IS058,"2015-04-28 07:19:09.137637",3,3,4,4,3,3,3,3
56,1BM13IS058,"2015-04-28 07:19:14.478925",3,3,4,4,3,3,3,3
57,1BM13IS058,"2015-04-28 07:19:14.591276",3,3,4,4,3,3,3,3
58,1BM13IS058,"2015-04-28 07:19:14.713140",3,3,4,4,3,3,3,3
59,1BM13IS058,"2015-04-28 07:19:14.831354",3,3,4,4,3,3,3,3
60,1BM13IS058,"2015-04-28 07:19:14.913922",3,3,4,4,3,3,3,3
61,1BM13IS058,"2015-04-28 07:19:27.284747",3,3,4,4,3,3,3,3
62,1BM13IS058,"2015-04-28 07:19:27.777651",3,3,4,4,3,3,3,3
63,1BM13IS054,"2015-04-28 07:19:28.274864",3,3,3,3,3,3,3,3
64,1BM13IS018,"2015-04-28 07:20:16.969867",1,2,1,1,2,2,1,1
65,1BM13IS016,"2015-04-28 07:20:40.135607",4,4,4,4,4,4,4,4
66,1BM13IS029,"2015-04-28 07:21:48.200583",3,3,3,3,3,3,2,2
67,1BM13IS053,"2015-04-28 07:26:52.424417",3,3,3,3,3,3,3,3
68,1BM13IS025,"2015-04-28 07:29:42.477897",4,4,4,4,4,4,4,4
69,1BM13IS027,"2015-04-28 07:29:45.326594",4,4,4,4,4,4,4,4
70,1BM13IS023,"2015-04-28 07:33:44.158104",3,3,3,3,3,3,2,3
71,1BM13IS057,"2015-04-28 07:48:02.097326",4,3,3,4,5,4,3,4
72,1BM13IS064,"2015-04-28 09:32:15.982534",3,3,3,4,4,4,4,3
73,1BM13IS062,"2015-04-28 09:32:24.250397",5,5,5,3,4,4,5,4
74,1BM13IS067,"2015-04-28 09:32:33.165915",5,3,5,3,3,4,3,5
75,1BM13IS072,"2015-04-28 09:34:39.627019",3,4,4,3,3,3,3,3
76,1BM14IS407,"2015-04-28 09:35:47.041169",5,5,5,5,4,5,5,5
77,1BM13IS066,"2015-04-28 09:40:39.679706",3,3,3,3,3,3,3,3
78,1BM13IS068,"2015-04-28 09:44:46.892661",5,5,3,2,5,5,5,5
79,1BM13IS060,"2015-04-28 09:49:49.334125",4,4,4,4,4,4,4,4
80,1BM14IS410,"2015-04-28 09:53:21.524515",4,4,4,4,3,3,4,4
81,1BM13IS074,"2015-04-28 10:17:28.567489",4,4,5,5,5,4,4,5
82,1BM14IS406,"2015-04-28 10:19:12.982923",5,5,5,5,5,5,5,5
83,1BM14IS409,"2015-04-28 10:22:24.047077",3,3,3,3,3,3,3,3
84,1BM13IS071,"2015-04-28 10:23:58.359936",4,4,4,3,4,5,4,4
85,1BM13IS070,"2015-04-28 10:24:28.265104",5,5,5,4,1,4,4,4
86,1BM13IS075,"2015-04-28 10:27:09.399016",4,5,5,4,4,4,4,4
87,1BM13IS061,"2015-04-28 10:29:37.792680",5,4,4,4,3,5,5,4
88,1BM14IS411,"2015-04-29 04:18:18.310441",5,5,5,5,5,5,5,5
89,1BM13IS081,"2015-04-29 04:36:33.234138",4,4,4,4,4,4,4,4
90,1BM13IS087,"2015-04-29 04:37:46.982841",5,5,4,4,5,5,5,5
91,1BM13IS086,"2015-04-29 04:45:00.177886",5,5,5,5,5,4,3,2
92,1BM13IS059,"2015-04-29 04:47:57.553569",2,2,3,4,4,4,3,3
93,1BM13IS082,"2015-04-29 04:48:16.169523",4,4,4,3,3,3,3,4
94,1BM13IS079,"2015-04-29 04:50:18.782296",5,5,4,4,4,5,4,5
95,1BM13IS084,"2015-04-29 04:54:52.682826",5,5,5,5,5,5,5,5
96,1BM13IS085,"2015-04-29 04:56:19.577906",5,5,5,5,5,5,5,5
97,1BM13IS088,"2015-04-29 04:58:03.678404",4,4,3,2,1,4,2,5
98,1BM13IS056,"2015-04-29 04:59:23.033099",4,4,3,3,3,3,4,4
99,1BM13IS076,"2015-04-29 04:59:34.893261",5,5,5,5,5,5,5,5
100,1BM13IS090,"2015-04-29 05:10:17.082033",3,3,4,3,4,3,2,3
101,1BM13IS077,"2015-04-29 05:20:45.884804",4,4,3,3,3,4,4,4
102,1BM13IS069,"2015-04-29 07:15:51.912544",4,4,4,4,4,4,4,4
103,1BM13IS103,"2015-04-29 07:17:48.049138",3,3,4,3,4,4,4,4
104,1BM14IS404,"2015-04-29 09:36:12.410674",4,3,3,3,4,4,4,4
105,1BM14IS403,"2015-04-29 09:42:31.397583",4,4,4,4,3,4,2,4
