1,1BM12IS029,"2015-04-28 00:02:18.094943",5,5,5,5,5,5,5,5
2,1BM13IS408,"2015-04-28 04:31:49.217630",4,4,5,4,4,3,4,3
3,1BM13IS409,"2015-04-28 04:38:44.177829",5,5,5,5,5,5,5,5
4,1BM13IS412,"2015-04-28 04:47:35.417017",4,5,4,4,4,4,4,4
5,1BM13IS404,"2015-04-28 05:01:12.714328",5,5,5,4,5,4,5,4
6,1BM13IS405,"2015-04-28 05:05:15.197745",5,5,5,5,4,4,4,4
7,1BM11IS026,"2015-04-28 05:08:36.799323",5,5,5,5,5,5,5,5
8,1BM12IS098,"2015-04-28 05:09:45.428720",4,4,4,4,4,4,4,5
9,1BM13IS417,"2015-04-28 05:10:15.482855",4,4,4,4,4,4,3,3
10,1BM13IS401,"2015-04-28 05:18:21.118881",4,3,4,4,4,4,4,4
11,1BM13IS415,"2015-04-28 05:20:21.187947",5,4,4,3,4,4,3,4
12,1BM13IS413,"2015-04-28 05:20:48.120938",4,3,4,4,3,4,4,3
13,1BM13IS410,"2015-04-28 05:21:08.040921",5,4,5,4,5,5,5,4
14,1BM12IS048,"2015-04-28 05:33:01.898582",4,4,4,4,4,4,4,4
15,1BM12IS078,"2015-04-28 05:33:30.196437",4,4,4,4,4,4,4,4
16,1BM12IS050,"2015-04-28 05:41:02.522667",5,5,5,5,5,5,4,4
17,1BM13IS400,"2015-04-28 05:42:17.319093",4,4,4,4,4,4,4,4
18,1BM12IS008,"2015-04-28 06:21:14.962204",4,4,4,4,4,4,4,4
19,1BM12IS009,"2015-04-28 06:36:43.775851",4,5,5,5,5,5,5,5
20,1BM12IS002,"2015-04-28 06:49:56.233901",4,3,4,5,4,3,4,5
21,1BM12IS054,"2015-04-28 06:51:10.756590",4,4,4,4,4,4,4,4
22,1BM12IS065,"2015-04-28 06:52:32.971330",4,4,3,3,3,3,3,3
23,1BM12IS058,"2015-04-28 06:54:18.069278",4,3,4,3,3,3,3,2
24,1BM12IS003,"2015-04-28 06:55:13.716565",4,4,4,4,4,4,4,4
25,1BM12IS003,"2015-04-28 06:55:14.354189",4,4,4,4,4,4,4,4
26,1BM12IS011,"2015-04-28 06:56:56.822640",3,3,4,4,5,5,5,5
27,1BM12IS004,"2015-04-28 06:57:55.021277",4,4,3,4,5,4,4,5
28,1BM12IS007,"2015-04-28 07:00:26.140811",5,5,5,5,5,5,5,5
29,1BM12IS014,"2015-04-28 07:00:54.003446",4,4,4,4,4,4,4,4
30,1BM12IS061,"2015-04-28 07:05:29.573949",5,4,5,4,4,3,2,4
31,1BM12IS001,"2015-04-28 07:06:49.435805",4,3,4,3,4,3,4,4
32,1BM12IS005,"2015-04-28 07:15:13.118408",5,4,4,4,4,4,4,4
33,1BM12IS005,"2015-04-28 07:15:13.796182",5,4,4,4,4,4,4,4
34,1BM12IS055,"2015-04-28 07:20:12.924797",5,4,5,4,5,5,5,4
35,1BM12IS013,"2015-04-28 07:21:48.810436",4,4,3,4,3,4,3,4
36,1BM12IS015,"2015-04-28 07:23:34.057916",3,3,3,3,3,3,3,2
37,1BM12IS053,"2015-04-28 07:35:17.658875",5,5,5,5,5,5,5,5
38,1BM12IS051,"2015-04-28 07:35:28.289332",5,5,5,5,5,5,5,5
39,1BM12IS012,"2015-04-28 07:35:43.367766",3,4,3,4,4,4,3,4
40,1BM12IS052,"2015-04-28 07:36:00.437562",2,2,2,2,2,2,2,2
41,1BM12IS040,"2015-04-28 07:36:41.058954",5,5,4,5,5,5,5,4
42,1BM12IS063,"2015-04-28 07:37:59.436764",5,5,5,5,5,5,5,5
43,1BM12IS060,"2015-04-28 07:38:53.167313",5,5,5,5,5,5,5,5
44,1BM12IS056,"2015-04-28 07:40:35.925691",5,5,5,5,5,5,4,4
45,1BM12IS049,"2015-04-28 07:41:16.012048",4,4,4,4,4,4,4,4
46,1BM12IS042,"2015-04-28 07:43:30.477290",4,4,4,4,4,4,4,4
47,1BM12IS095,"2015-04-28 08:08:40.591769",5,5,5,5,5,5,5,5
48,1BM12IS026,"2015-04-28 09:08:54.164345",5,4,5,5,5,5,5,5
49,1BM12IS018,"2015-04-28 09:21:58.562844",4,3,5,4,4,4,4,4
50,1BM12IS081,"2015-04-28 09:46:15.281956",5,5,5,5,5,5,5,5
51,1BM12IS066,"2015-04-28 09:46:22.428761",5,5,5,5,5,5,5,5
52,1BM12IS415,"2015-04-28 09:47:35.352251",4,4,4,4,4,4,4,4
53,1BM12IS079,"2015-04-28 09:48:31.605182",3,3,3,3,3,3,3,3
54,1BM12IS017,"2015-04-28 09:57:50.633113",5,5,5,5,5,5,5,5
55,1BM12IS071,"2015-04-28 10:06:12.526788",4,4,4,3,4,3,3,3
56,1BM12IS073,"2015-04-28 10:10:31.459147",3,4,4,3,3,4,3,4
57,1BM12IS068,"2015-04-28 10:17:51.850120",4,4,3,3,3,3,3,3
58,1BM12IS080,"2015-04-28 10:19:45.663334",4,4,4,3,4,4,4,4
59,1BM12IS075,"2015-04-28 10:20:27.340142",4,4,4,4,4,4,5,4
60,1BM12IS074,"2015-04-28 10:20:48.608778",4,3,3,3,3,3,3,3
61,1BM12IS076,"2015-04-28 10:22:23.421131",4,4,3,4,4,3,3,2
62,1BM12IS072,"2015-04-28 10:23:33.993631",4,4,4,3,3,3,3,3
63,1BM12IS072,"2015-04-28 10:23:37.796321",4,4,4,3,3,3,3,3
64,1BM12IS069,"2015-04-28 10:27:12.080305",5,5,5,5,5,5,5,5
65,1BM12IS070,"2015-04-28 10:27:20.740172",4,4,5,4,4,4,4,4
66,1BM12IS024,"2015-04-28 10:28:46.047884",5,5,5,5,5,5,5,5
67,1BM12IS022,"2015-04-28 10:28:50.800259",4,4,4,4,4,2,2,4
68,1BM12IS016,"2015-04-28 10:28:53.267343",5,4,4,4,4,4,4,4
69,1BM12IS020,"2015-04-28 10:29:52.232606",5,4,4,4,4,4,4,5
70,1BM12IS032,"2015-04-29 04:02:16.345399",5,5,5,5,5,5,5,5
71,1BM12IS039,"2015-04-29 04:19:36.669480",5,5,5,5,5,5,5,5
72,1BM12IS041,"2015-04-29 04:20:15.618339",3,3,3,3,3,3,3,3
73,1BM12IS045,"2015-04-29 04:22:22.962092",5,5,5,5,5,5,5,5
74,1BM12IS033,"2015-04-29 04:35:38.645605",4,4,4,4,4,4,4,4
75,1BM12IS043,"2015-04-29 04:37:40.109544",4,4,4,4,4,4,4,4
76,1BM12IS044,"2015-04-29 04:39:39.000732",3,4,3,3,3,3,3,3
77,1BM12IS094,"2015-04-29 04:40:12.979645",5,5,5,5,5,5,5,5
78,1BM12IS082,"2015-04-29 04:41:21.023012",4,4,4,3,4,4,3,4
79,1BM12IS082,"2015-04-29 04:41:21.175452",4,4,4,3,4,4,3,4
80,1BM12IS046,"2015-04-29 04:52:30.729418",5,4,5,5,5,5,4,5
81,1BM12IS036,"2015-04-29 05:03:16.369292",5,5,5,5,5,5,5,5
82,1BM12IS096,"2015-04-29 05:09:26.098949",5,5,5,5,5,5,5,5
83,1BM12IS086,"2015-04-29 05:11:31.230130",4,4,4,4,4,4,4,4
84,1BM12IS084,"2015-04-29 05:13:55.793199",4,4,4,4,4,4,4,4
85,1BM12IS088,"2015-04-29 05:22:21.784474",4,4,5,4,4,4,4,3
86,1BM11IS110,"2015-04-29 05:22:52.247333",5,5,5,5,4,5,4,5
87,1BM11IS072,"2015-04-29 06:04:54.903274",5,5,5,5,4,4,4,4
88,1BM11IS007,"2015-04-29 06:10:46.724817",4,4,4,4,4,4,4,4
89,1BM13IS407,"2015-04-29 06:29:46.395815",4,5,5,5,5,5,5,5
90,1BM13IS414,"2015-04-29 06:38:38.598006",4,4,4,4,4,4,4,4
91,1BM13IS403,"2015-04-29 07:08:17.269441",5,5,5,5,5,5,5,5
92,1BM13IS402,"2015-04-29 07:12:31.792706",5,5,5,5,5,5,5,5
93,1BM13IS416,"2015-04-29 07:12:44.862762",4,4,4,5,3,4,4,4
