2,1BM12IS029,"2015-04-28 00:01:30.147367",5,5,5,5,5,5,5,5
3,1BM13IS408,"2015-04-28 04:35:54.876897",4,4,3,3,4,3,2,3
4,1BM13IS409,"2015-04-28 04:40:30.444293",5,5,5,5,5,5,5,5
5,1BM13IS412,"2015-04-28 04:49:15.169248",4,4,5,4,4,5,4,4
6,1BM13IS404,"2015-04-28 05:04:24.744990",5,4,4,5,5,5,3,5
7,1BM13IS405,"2015-04-28 05:06:49.007076",5,5,5,5,5,5,5,5
8,1BM11IS026,"2015-04-28 05:09:28.257120",5,5,5,5,5,5,5,5
9,1BM12IS098,"2015-04-28 05:10:47.243477",3,5,5,3,3,5,3,3
10,1BM13IS417,"2015-04-28 05:12:11.952795",5,4,4,4,4,4,3,3
11,1BM13IS401,"2015-04-28 05:19:32.602934",3,3,3,4,3,3,3,3
12,1BM13IS413,"2015-04-28 05:22:47.124162",4,4,3,3,2,3,3,2
13,1BM13IS415,"2015-04-28 05:22:50.237814",4,4,4,3,3,3,4,3
14,1BM13IS410,"2015-04-28 05:23:32.399232",4,4,5,5,3,4,4,4
15,1BM12IS048,"2015-04-28 05:33:45.103659",4,4,4,4,4,4,4,4
16,1BM12IS078,"2015-04-28 05:34:26.128846",4,4,4,4,4,4,4,4
17,1BM12IS050,"2015-04-28 05:43:20.672640",5,5,5,5,5,5,4,4
18,1BM13IS400,"2015-04-28 05:43:35.094530",4,4,4,4,4,4,4,4
19,1BM12IS008,"2015-04-28 06:23:26.079877",4,4,4,3,4,4,3,4
20,1BM12IS009,"2015-04-28 06:37:43.361057",5,5,5,5,5,5,5,5
21,1BM12IS002,"2015-04-28 06:51:41.464115",4,4,5,4,4,3,4,5
22,1BM12IS054,"2015-04-28 06:52:33.235425",3,3,3,3,3,3,3,3
23,1BM12IS065,"2015-04-28 06:54:10.848583",4,4,4,4,4,3,3,3
24,1BM12IS058,"2015-04-28 06:55:29.310247",4,4,3,3,5,3,2,2
25,1BM12IS003,"2015-04-28 06:57:31.504906",3,3,4,4,3,3,4,4
26,1BM12IS011,"2015-04-28 06:57:51.949311",4,4,4,4,4,4,4,4
27,1BM12IS004,"2015-04-28 06:59:08.570681",5,5,4,4,5,4,3,4
28,1BM12IS014,"2015-04-28 07:02:15.702794",4,4,4,4,4,4,4,4
29,1BM12IS007,"2015-04-28 07:02:37.400028",5,5,5,5,5,5,5,5
30,1BM12IS061,"2015-04-28 07:07:00.115185",4,3,4,5,4,3,4,4
31,1BM12IS001,"2015-04-28 07:07:44.826730",4,4,3,4,3,4,3,4
32,1BM12IS005,"2015-04-28 07:16:02.108947",5,5,5,5,5,5,5,5
33,1BM12IS013,"2015-04-28 07:21:30.211355",4,4,4,4,4,4,4,4
34,1BM12IS055,"2015-04-28 07:21:31.289603",4,5,5,4,4,5,5,5
35,1BM12IS015,"2015-04-28 07:25:23.237071",3,3,2,3,3,3,3,3
36,1BM12IS053,"2015-04-28 07:36:06.014846",1,1,1,1,1,1,1,1
37,1BM12IS051,"2015-04-28 07:36:21.614326",1,1,1,1,1,1,1,1
38,1BM12IS052,"2015-04-28 07:36:58.023269",2,2,2,2,2,2,2,2
39,1BM12IS040,"2015-04-28 07:37:34.033812",4,4,4,5,4,4,5,5
40,1BM12IS040,"2015-04-28 07:37:35.116820",4,4,4,5,4,4,5,5
41,1BM12IS012,"2015-04-28 07:38:02.742627",5,4,5,4,4,4,4,3
42,1BM12IS063,"2015-04-28 07:39:01.935888",2,2,3,3,3,3,3,3
43,1BM12IS060,"2015-04-28 07:39:42.050888",5,5,5,5,5,5,5,5
44,1BM12IS056,"2015-04-28 07:41:36.331734",5,5,5,5,5,5,5,5
45,1BM12IS049,"2015-04-28 07:42:44.994910",4,4,4,4,4,4,4,4
46,1BM12IS042,"2015-04-28 07:44:39.819965",4,4,4,4,4,4,4,4
47,1BM12IS095,"2015-04-28 08:09:26.024251",5,5,5,5,5,5,5,5
48,1BM12IS026,"2015-04-28 09:10:23.000155",5,5,5,5,5,5,5,5
49,1BM12IS018,"2015-04-28 09:24:59.019759",5,4,4,4,3,3,3,3
50,1BM12IS415,"2015-04-28 09:46:46.757771",5,5,5,5,5,5,5,5
51,1BM12IS081,"2015-04-28 09:47:23.924844",5,4,4,4,3,4,4,2
52,1BM12IS066,"2015-04-28 09:47:46.696865",5,5,5,5,5,5,5,5
53,1BM12IS079,"2015-04-28 09:49:51.724044",1,1,1,1,1,1,1,1
54,1BM12IS017,"2015-04-28 10:01:01.972613",5,5,4,5,5,5,4,5
55,1BM12IS071,"2015-04-28 10:07:46.072857",4,4,4,3,3,3,3,3
56,1BM12IS073,"2015-04-28 10:12:52.277688",4,4,5,4,3,4,4,4
57,1BM12IS075,"2015-04-28 10:17:42.604622",3,3,4,2,3,2,1,1
58,1BM12IS068,"2015-04-28 10:19:49.687135",4,4,4,4,4,4,4,4
59,1BM12IS074,"2015-04-28 10:21:22.992480",3,3,2,2,2,2,2,2
60,1BM12IS080,"2015-04-28 10:21:59.355372",3,4,4,3,4,4,3,3
61,1BM12IS072,"2015-04-28 10:24:12.392835",5,4,4,4,3,3,3,4
62,1BM12IS076,"2015-04-28 10:24:39.741299",4,4,4,3,3,4,4,3
63,1BM12IS076,"2015-04-28 10:24:41.201884",4,4,4,3,3,4,4,3
64,1BM12IS069,"2015-04-28 10:27:44.421671",1,1,1,1,1,1,1,1
65,1BM12IS070,"2015-04-28 10:27:53.840068",1,1,1,1,1,1,1,1
66,1BM12IS016,"2015-04-28 10:29:36.914039",5,4,4,4,4,4,3,4
67,1BM12IS024,"2015-04-28 10:30:33.288515",5,5,5,5,5,5,5,5
68,1BM12IS020,"2015-04-28 10:30:39.700376",4,4,4,4,3,2,2,4
69,1BM12IS022,"2015-04-28 10:31:09.933627",2,2,2,2,2,3,3,3
70,1BM12IS032,"2015-04-29 04:03:10.447981",5,5,5,5,5,5,5,5
71,1BM12IS041,"2015-04-29 04:22:02.797275",4,4,4,4,4,4,4,4
72,1BM12IS039,"2015-04-29 04:22:46.199076",5,5,5,5,5,5,5,5
73,1BM12IS045,"2015-04-29 04:23:04.977650",5,5,5,5,5,5,5,5
74,1BM12IS033,"2015-04-29 04:36:46.428459",4,4,4,4,4,4,4,4
75,1BM12IS043,"2015-04-29 04:38:57.802942",4,4,4,4,4,4,3,3
76,1BM12IS082,"2015-04-29 04:41:55.199466",3,4,3,3,3,4,3,3
77,1BM12IS044,"2015-04-29 04:42:23.927116",3,3,3,3,3,3,3,3
78,1BM12IS094,"2015-04-29 04:42:28.730988",5,4,5,5,4,3,3,4
79,1BM12IS046,"2015-04-29 04:53:36.243859",5,5,5,5,5,5,5,5
80,1BM12IS036,"2015-04-29 05:03:49.905653",5,5,5,5,5,5,5,5
81,1BM12IS096,"2015-04-29 05:10:11.567797",5,5,5,5,5,5,5,5
82,1BM12IS086,"2015-04-29 05:12:31.284802",3,3,3,3,3,3,3,3
83,1BM11IS110,"2015-04-29 05:22:30.555127",5,5,5,5,4,5,4,5
84,1BM12IS088,"2015-04-29 05:23:58.232607",4,4,4,4,4,4,4,4
85,1BM12IS084,"2015-04-29 05:24:31.015227",4,4,4,4,4,4,4,4
86,1BM11IS072,"2015-04-29 06:05:51.372951",5,5,5,5,5,5,5,5
87,1BM11IS007,"2015-04-29 06:11:48.298094",5,5,5,5,5,5,5,5
88,1BM13IS407,"2015-04-29 06:30:42.380322",5,5,5,5,5,5,5,5
89,1BM13IS414,"2015-04-29 06:40:14.815573",5,5,5,5,5,5,5,5
90,1BM13IS403,"2015-04-29 07:11:22.222216",5,5,5,5,5,5,5,5
91,1BM13IS402,"2015-04-29 07:13:40.901120",5,5,5,5,5,5,5,5
92,1BM13IS416,"2015-04-29 07:14:09.271622",4,4,4,4,4,4,4,5
