1,1BM12IS029,"2015-04-28 00:02:39.315979",5,5,5,5,5,5,5,5
2,1BM13IS408,"2015-04-28 04:33:16.262066",2,3,2,2,3,3,3,3
3,1BM13IS408,"2015-04-28 04:33:20.162052",2,3,2,2,3,3,3,3
4,1BM13IS409,"2015-04-28 04:39:28.120669",5,5,5,5,5,5,5,5
5,1BM13IS412,"2015-04-28 04:48:13.621469",4,5,4,4,5,4,4,5
6,1BM13IS404,"2015-04-28 05:02:25.771865",4,5,5,4,4,5,4,5
7,1BM13IS405,"2015-04-28 05:05:55.215569",5,5,5,5,5,5,5,5
8,1BM11IS026,"2015-04-28 05:08:58.275962",3,3,3,3,3,3,3,3
9,1BM12IS098,"2015-04-28 05:10:19.878027",5,5,4,4,4,4,4,5
10,1BM13IS417,"2015-04-28 05:11:09.609980",4,3,2,1,1,1,3,3
11,1BM13IS401,"2015-04-28 05:18:58.435742",4,3,4,3,3,3,3,3
12,1BM13IS415,"2015-04-28 05:21:02.588992",4,4,3,3,4,3,3,3
13,1BM13IS413,"2015-04-28 05:21:03.284243",4,3,4,3,3,4,4,4
14,1BM13IS410,"2015-04-28 05:22:15.054185",3,4,4,3,5,5,5,5
15,1BM12IS048,"2015-04-28 05:33:26.655571",4,4,4,4,4,4,4,4
16,1BM12IS078,"2015-04-28 05:33:52.147512",4,4,4,4,4,4,4,4
17,1BM12IS050,"2015-04-28 05:42:33.813647",5,5,5,5,4,5,4,4
18,1BM13IS400,"2015-04-28 05:42:47.488191",4,4,4,4,4,4,4,4
19,1BM12IS008,"2015-04-28 06:21:54.776435",4,4,4,4,4,4,4,4
20,1BM12IS009,"2015-04-28 06:37:16.301207",5,5,5,5,5,5,5,5
21,1BM12IS002,"2015-04-28 06:51:01.757770",4,5,4,3,5,4,5,5
22,1BM12IS054,"2015-04-28 06:51:49.245265",4,3,3,3,3,3,3,3
23,1BM12IS065,"2015-04-28 06:53:04.406837",5,5,4,4,4,5,4,4
24,1BM12IS058,"2015-04-28 06:55:48.401569",5,4,4,4,3,3,2,2
25,1BM12IS003,"2015-04-28 06:56:37.196729",4,4,4,5,4,4,4,4
26,1BM12IS011,"2015-04-28 06:57:15.280193",5,5,5,5,5,5,5,5
27,1BM12IS004,"2015-04-28 06:58:24.628309",4,4,5,4,4,5,4,5
28,1BM12IS014,"2015-04-28 07:01:33.205812",4,4,4,4,4,4,4,4
29,1BM12IS007,"2015-04-28 07:02:03.148371",5,5,5,5,5,5,5,5
30,1BM12IS061,"2015-04-28 07:06:25.226452",3,4,3,4,4,4,2,3
31,1BM12IS001,"2015-04-28 07:07:12.364251",3,4,3,4,3,4,3,4
32,1BM12IS005,"2015-04-28 07:15:34.321491",4,4,4,4,4,3,3,3
33,1BM12IS055,"2015-04-28 07:20:37.237142",5,5,5,5,5,5,5,5
34,1BM12IS013,"2015-04-28 07:21:20.149150",5,5,5,5,4,4,4,4
35,1BM12IS015,"2015-04-28 07:24:23.566105",3,4,3,3,2,3,3,3
36,1BM12IS053,"2015-04-28 07:35:40.239907",3,3,2,2,2,2,2,1
37,1BM12IS051,"2015-04-28 07:35:55.487005",5,5,5,5,5,5,5,5
38,1BM12IS052,"2015-04-28 07:36:22.921580",2,2,2,2,2,2,2,2
39,1BM12IS012,"2015-04-28 07:36:27.663945",4,4,3,3,4,3,4,4
40,1BM12IS040,"2015-04-28 07:37:03.347673",4,5,5,5,5,4,4,5
41,1BM12IS063,"2015-04-28 07:38:22.207968",5,5,5,5,5,5,5,5
42,1BM12IS060,"2015-04-28 07:39:22.430695",5,5,5,5,5,5,5,5
43,1BM12IS056,"2015-04-28 07:40:53.478449",5,5,5,5,5,5,5,5
44,1BM12IS049,"2015-04-28 07:42:08.501806",4,4,4,4,4,4,4,4
45,1BM12IS042,"2015-04-28 07:43:57.230619",4,4,4,4,4,4,4,4
46,1BM12IS095,"2015-04-28 08:08:57.423825",5,5,5,5,5,5,5,5
47,1BM12IS026,"2015-04-28 09:09:44.588856",4,3,5,5,4,4,4,4
48,1BM12IS018,"2015-04-28 09:23:30.754425",5,4,4,4,4,4,3,3
49,1BM12IS081,"2015-04-28 09:46:44.259828",2,3,2,3,3,4,3,4
50,1BM12IS415,"2015-04-28 09:47:06.107459",5,5,5,5,5,5,5,5
51,1BM12IS066,"2015-04-28 09:47:07.108135",2,2,2,2,2,2,2,2
52,1BM12IS079,"2015-04-28 09:49:40.333228",1,1,1,1,1,1,1,1
53,1BM12IS017,"2015-04-28 09:58:06.783529",5,5,5,5,5,5,5,5
54,1BM12IS017,"2015-04-28 09:58:35.786447",5,4,4,4,4,4,4,5
55,1BM12IS017,"2015-04-28 09:59:13.387084",4,4,4,4,3,4,4,4
56,1BM12IS017,"2015-04-28 09:59:38.249343",5,4,5,5,5,5,4,5
57,1BM12IS017,"2015-04-28 10:01:16.110605",5,5,5,4,5,5,5,5
58,1BM12IS017,"2015-04-28 10:02:23.955518",5,5,5,5,5,5,5,5
59,1BM12IS017,"2015-04-28 10:02:55.938618",5,5,5,5,5,5,5,5
60,1BM12IS017,"2015-04-28 10:03:24.798017",5,5,5,5,5,5,5,5
61,1BM12IS071,"2015-04-28 10:06:48.794555",4,4,3,3,3,4,3,3
62,1BM12IS073,"2015-04-28 10:11:57.366356",4,4,4,3,5,3,4,4
63,1BM12IS075,"2015-04-28 10:18:38.425959",4,4,4,4,4,5,4,4
64,1BM12IS068,"2015-04-28 10:19:07.270542",3,4,3,3,3,3,3,3
65,1BM12IS074,"2015-04-28 10:21:11.938534",2,2,2,2,2,2,2,1
66,1BM12IS080,"2015-04-28 10:21:13.724079",4,3,2,3,4,4,4,4
67,1BM12IS076,"2015-04-28 10:23:15.154134",3,3,3,3,3,3,3,3
68,1BM12IS076,"2015-04-28 10:23:18.189892",3,3,3,3,3,3,3,3
69,1BM12IS072,"2015-04-28 10:24:46.802167",3,3,3,3,3,3,3,3
70,1BM12IS069,"2015-04-28 10:27:34.381013",5,5,5,5,5,5,5,5
71,1BM12IS070,"2015-04-28 10:27:43.895213",4,5,5,5,5,5,5,5
72,1BM12IS016,"2015-04-28 10:29:10.703804",5,4,4,4,4,4,4,4
73,1BM12IS024,"2015-04-28 10:29:19.686398",5,5,5,5,5,5,5,5
74,1BM12IS022,"2015-04-28 10:29:24.574413",4,4,3,3,3,3,3,4
75,1BM12IS022,"2015-04-28 10:29:38.639707",4,4,3,3,3,3,3,4
76,1BM12IS022,"2015-04-28 10:29:52.770809",4,4,3,3,3,3,3,4
77,1BM12IS020,"2015-04-28 10:30:13.867765",4,3,4,3,4,4,3,4
78,1BM12IS022,"2015-04-28 10:30:16.791467",4,4,4,4,3,3,3,4
79,1BM12IS022,"2015-04-28 10:31:19.061236",5,5,4,4,4,4,4,4
80,1BM12IS032,"2015-04-29 04:02:44.457713",5,5,5,5,5,5,5,5
81,1BM12IS039,"2015-04-29 04:19:52.259880",5,5,5,5,5,5,5,5
82,1BM12IS041,"2015-04-29 04:21:35.886226",3,3,3,3,3,3,3,3
83,1BM12IS045,"2015-04-29 04:22:40.252796",5,5,5,5,5,5,5,5
84,1BM12IS033,"2015-04-29 04:36:14.390927",5,5,5,5,5,5,5,5
85,1BM12IS043,"2015-04-29 04:37:58.902208",4,4,4,4,4,4,4,4
86,1BM12IS044,"2015-04-29 04:40:28.551988",4,3,3,3,4,4,4,4
87,1BM12IS094,"2015-04-29 04:41:23.637280",3,2,1,1,1,5,3,4
88,1BM12IS082,"2015-04-29 04:42:30.210451",4,3,4,4,4,3,4,3
89,1BM12IS046,"2015-04-29 04:52:46.237939",4,5,5,5,4,5,5,5
90,1BM12IS036,"2015-04-29 05:03:25.377961",3,3,3,3,3,3,3,3
91,1BM12IS096,"2015-04-29 05:09:45.969271",5,5,5,5,5,5,5,5
92,1BM12IS086,"2015-04-29 05:11:55.636752",4,4,4,4,4,4,4,4
93,1BM12IS088,"2015-04-29 05:23:01.033109",3,4,4,3,4,4,4,4
94,1BM12IS084,"2015-04-29 05:23:54.041845",5,4,4,4,4,5,5,5
95,1BM11IS110,"2015-04-29 05:24:20.926743",5,5,5,5,4,5,4,5
96,1BM11IS072,"2015-04-29 06:05:18.798830",5,5,5,5,5,5,5,5
97,1BM11IS007,"2015-04-29 06:11:07.316277",3,3,3,3,3,3,3,3
98,1BM13IS407,"2015-04-29 06:30:07.015422",5,5,5,5,5,5,5,5
99,1BM13IS414,"2015-04-29 06:39:14.418110",4,4,4,5,5,5,5,5
100,1BM13IS403,"2015-04-29 07:08:36.862060",4,4,4,4,4,4,4,4
101,1BM13IS402,"2015-04-29 07:13:03.159335",5,5,5,5,5,5,5,5
102,1BM13IS416,"2015-04-29 07:13:30.928022",4,3,3,3,3,3,3,3
